0,278
115,4
115,3
115,2
0,9
115,1
115,0
0,273
0,270
3,2
3,1
3,3
10,90
10,176
10,154
10,236
10,118
10,136
10,178
10,112
11,26
11,6
11,23
11,17
11,28
8,13
8,2
8,3
111,4
111,3
111,2
111,1
111,0
99,3
99,2
99,1
81,3
81,2
81,1
81,0
49,4
49,3
49,2
49,1
49,0
48,4
48,3
48,2
48,1
48,0
47,5
47,4
47,3
47,2
47,1
47,0
44,4
44,3
44,2
44,1
44,0
43,4
43,3
43,2
43,1
43,0
38,6
38,5
38,4
38,3
38,2
38,1
38,0
36,6
36,5
36,4
36,3
36,2
36,1
36,0
34,6
34,5
34,4
34,3
34,2
34,1
27,4
27,3
27,1
24,3
24,1
20,3
20,2
20,1
19,3
19,2
14,1
19,1
14,3
18,3
13,1
18,1
13,3
17,2
12,3
12,2
12,1
11,30
11,29
11,27
11,20
11,14
11,13
11,10
11,8
11,5
11,4
11,3
